5.39201e+06
5.04147e+06
2.29442e+06
2.63199e+06
2.10051e+06
2.32792e+06
2.59383e+06
2.43411e+06
2.38857e+06
2.18215e+06
2.17784e+06
1.98523e+06
2.10977e+06
2.02634e+06
2.45066e+06
2.29703e+06
2.39922e+06
2.21513e+06
2.53737e+06
2.34707e+06
2.10817e+06
1.96061e+06
2.27428e+06
1.97044e+06
1.979e+06
2.23278e+06
1.64914e+06
1.64699e+06
1.96547e+06
1.96179e+06
2.10067e+06
2.04512e+06
498548
491666
1.04092e+06
1.00433e+06
656583
1.03201e+06
631194
527036
1.07544e+06
636016
494248
554314
563960
619241
474353
466670
587726
418825
554089
528913
507872
591054
612397
563544
508853
497516
532407
534764
565593
539334
1.14389e+06
801094