pixelID x y
1 0 0
2 0.5 0
3 1.0 0
4 1.5 0
5 2.0 0
6 2.5 0
7 3.0 0
8 3.5 0
9 4.0 0
10 4.5 0
11 5.0 0
12 5.5 0
13 6.0 0
14 6.5 0
15 7.0 0
16 7.5 0
17 8.0 0
18 8.5 0
19 9.0 0
20 9.5 0
21 10.0 0
22 10.5 0
23 11.0 0
24 11.5 0
25 12.0 0
26 12.5 0
27 13.0 0
28 13.5 0
29 14.0 0
30 14.5 0
31 -0.5 0
32 -1.0 0
33 -1.5 0
34 -2.0 0
35 -2.5 0
36 -3.0 0
37 -3.5 0
38 -4.0 0
39 -4.5 0
40 -5.0 0
41 -5.5 0
42 -6.0 0
43 -6.5 0
44 -7.0 0
45 -7.5 0
46 -8.0 0
47 -8.5 0
48 -9.0 0
49 -9.5 0
50 -10.0 0
51 -10.5 0
52 -11.0 0
53 -11.5 0
54 -12.0 0
55 -12.5 0
56 -13.0 0
57 -13.5 0
58 -14.0 0
59 -14.5 0
60 0 0.5
61 0.5 0.5
62 1.0 0.5
63 1.5 0.5
64 2.0 0.5
65 2.5 0.5
66 3.0 0.5
67 3.5 0.5
68 4.0 0.5
69 4.5 0.5
70 5.0 0.5
71 5.5 0.5
72 6.0 0.5
73 6.5 0.5
74 7.0 0.5
75 7.5 0.5
76 8.0 0.5
77 8.5 0.5
78 9.0 0.5
79 9.5 0.5
80 10.0 0.5
81 10.5 0.5
82 11.0 0.5
83 11.5 0.5
84 12.0 0.5
85 12.5 0.5
86 13.0 0.5
87 13.5 0.5
88 14.0 0.5
89 14.5 0.5
90 -0.5 0.5
91 -1.0 0.5
92 -1.5 0.5
93 -2.0 0.5
94 -2.5 0.5
95 -3.0 0.5
96 -3.5 0.5
97 -4.0 0.5
98 -4.5 0.5
99 -5.0 0.5
100 -5.5 0.5
101 -6.0 0.5
102 -6.5 0.5
103 -7.0 0.5
104 -7.5 0.5
105 -8.0 0.5
106 -8.5 0.5
107 -9.0 0.5
108 -9.5 0.5
109 -10.0 0.5
110 -10.5 0.5
111 -11.0 0.5
112 -11.5 0.5
113 -12.0 0.5
114 -12.5 0.5
115 -13.0 0.5
116 -13.5 0.5
117 -14.0 0.5
118 -14.5 0.5
119 0 1.0
120 0.5 1.0
121 1.0 1.0
122 1.5 1.0
123 2.0 1.0
124 2.5 1.0
125 3.0 1.0
126 3.5 1.0
127 4.0 1.0
128 4.5 1.0
129 5.0 1.0
130 5.5 1.0
131 6.0 1.0
132 6.5 1.0
133 7.0 1.0
134 7.5 1.0
135 8.0 1.0
136 8.5 1.0
137 9.0 1.0
138 9.5 1.0
139 10.0 1.0
140 10.5 1.0
141 11.0 1.0
142 11.5 1.0
143 12.0 1.0
144 12.5 1.0
145 13.0 1.0
146 13.5 1.0
147 14.0 1.0
148 14.5 1.0
149 -0.5 1.0
150 -1.0 1.0
151 -1.5 1.0
152 -2.0 1.0
153 -2.5 1.0
154 -3.0 1.0
155 -3.5 1.0
156 -4.0 1.0
157 -4.5 1.0
158 -5.0 1.0
159 -5.5 1.0
160 -6.0 1.0
161 -6.5 1.0
162 -7.0 1.0
163 -7.5 1.0
164 -8.0 1.0
165 -8.5 1.0
166 -9.0 1.0
167 -9.5 1.0
168 -10.0 1.0
169 -10.5 1.0
170 -11.0 1.0
171 -11.5 1.0
172 -12.0 1.0
173 -12.5 1.0
174 -13.0 1.0
175 -13.5 1.0
176 -14.0 1.0
177 -14.5 1.0
178 0 1.5
179 0.5 1.5
180 1.0 1.5
181 1.5 1.5
182 2.0 1.5
183 2.5 1.5
184 3.0 1.5
185 3.5 1.5
186 4.0 1.5
187 4.5 1.5
188 5.0 1.5
189 5.5 1.5
190 6.0 1.5
191 6.5 1.5
192 7.0 1.5
193 7.5 1.5
194 8.0 1.5
195 8.5 1.5
196 9.0 1.5
197 9.5 1.5
198 10.0 1.5
199 10.5 1.5
200 11.0 1.5
201 11.5 1.5
202 12.0 1.5
203 12.5 1.5
204 13.0 1.5
205 13.5 1.5
206 14.0 1.5
207 14.5 1.5
208 -0.5 1.5
209 -1.0 1.5
210 -1.5 1.5
211 -2.0 1.5
212 -2.5 1.5
213 -3.0 1.5
214 -3.5 1.5
215 -4.0 1.5
216 -4.5 1.5
217 -5.0 1.5
218 -5.5 1.5
219 -6.0 1.5
220 -6.5 1.5
221 -7.0 1.5
222 -7.5 1.5
223 -8.0 1.5
224 -8.5 1.5
225 -9.0 1.5
226 -9.5 1.5
227 -10.0 1.5
228 -10.5 1.5
229 -11.0 1.5
230 -11.5 1.5
231 -12.0 1.5
232 -12.5 1.5
233 -13.0 1.5
234 -13.5 1.5
235 -14.0 1.5
236 -14.5 1.5
237 0 2.0
238 0.5 2.0
239 1.0 2.0
240 1.5 2.0
241 2.0 2.0
242 2.5 2.0
243 3.0 2.0
244 3.5 2.0
245 4.0 2.0
246 4.5 2.0
247 5.0 2.0
248 5.5 2.0
249 6.0 2.0
250 6.5 2.0
251 7.0 2.0
252 7.5 2.0
253 8.0 2.0
254 8.5 2.0
255 9.0 2.0
256 9.5 2.0
257 10.0 2.0
258 10.5 2.0
259 11.0 2.0
260 11.5 2.0
261 12.0 2.0
262 12.5 2.0
263 13.0 2.0
264 13.5 2.0
265 14.0 2.0
266 14.5 2.0
267 -0.5 2.0
268 -1.0 2.0
269 -1.5 2.0
270 -2.0 2.0
271 -2.5 2.0
272 -3.0 2.0
273 -3.5 2.0
274 -4.0 2.0
275 -4.5 2.0
276 -5.0 2.0
277 -5.5 2.0
278 -6.0 2.0
279 -6.5 2.0
280 -7.0 2.0
281 -7.5 2.0
282 -8.0 2.0
283 -8.5 2.0
284 -9.0 2.0
285 -9.5 2.0
286 -10.0 2.0
287 -10.5 2.0
288 -11.0 2.0
289 -11.5 2.0
290 -12.0 2.0
291 -12.5 2.0
292 -13.0 2.0
293 -13.5 2.0
294 -14.0 2.0
295 -14.5 2.0
296 0 2.5
297 0.5 2.5
298 1.0 2.5
299 1.5 2.5
300 2.0 2.5
301 2.5 2.5
302 3.0 2.5
303 3.5 2.5
304 4.0 2.5
305 4.5 2.5
306 5.0 2.5
307 5.5 2.5
308 6.0 2.5
309 6.5 2.5
310 7.0 2.5
311 7.5 2.5
312 8.0 2.5
313 8.5 2.5
314 9.0 2.5
315 9.5 2.5
316 10.0 2.5
317 10.5 2.5
318 11.0 2.5
319 11.5 2.5
320 12.0 2.5
321 12.5 2.5
322 13.0 2.5
323 13.5 2.5
324 14.0 2.5
325 14.5 2.5
326 -0.5 2.5
327 -1.0 2.5
328 -1.5 2.5
329 -2.0 2.5
330 -2.5 2.5
331 -3.0 2.5
332 -3.5 2.5
333 -4.0 2.5
334 -4.5 2.5
335 -5.0 2.5
336 -5.5 2.5
337 -6.0 2.5
338 -6.5 2.5
339 -7.0 2.5
340 -7.5 2.5
341 -8.0 2.5
342 -8.5 2.5
343 -9.0 2.5
344 -9.5 2.5
345 -10.0 2.5
346 -10.5 2.5
347 -11.0 2.5
348 -11.5 2.5
349 -12.0 2.5
350 -12.5 2.5
351 -13.0 2.5
352 -13.5 2.5
353 -14.0 2.5
354 -14.5 2.5
355 0 3.0
356 0.5 3.0
357 1.0 3.0
358 1.5 3.0
359 2.0 3.0
360 2.5 3.0
361 3.0 3.0
362 3.5 3.0
363 4.0 3.0
364 4.5 3.0
365 5.0 3.0
366 5.5 3.0
367 6.0 3.0
368 6.5 3.0
369 7.0 3.0
370 7.5 3.0
371 8.0 3.0
372 8.5 3.0
373 9.0 3.0
374 9.5 3.0
375 10.0 3.0
376 10.5 3.0
377 11.0 3.0
378 11.5 3.0
379 12.0 3.0
380 12.5 3.0
381 13.0 3.0
382 13.5 3.0
383 14.0 3.0
384 14.5 3.0
385 -0.5 3.0
386 -1.0 3.0
387 -1.5 3.0
388 -2.0 3.0
389 -2.5 3.0
390 -3.0 3.0
391 -3.5 3.0
392 -4.0 3.0
393 -4.5 3.0
394 -5.0 3.0
395 -5.5 3.0
396 -6.0 3.0
397 -6.5 3.0
398 -7.0 3.0
399 -7.5 3.0
400 -8.0 3.0
401 -8.5 3.0
402 -9.0 3.0
403 -9.5 3.0
404 -10.0 3.0
405 -10.5 3.0
406 -11.0 3.0
407 -11.5 3.0
408 -12.0 3.0
409 -12.5 3.0
410 -13.0 3.0
411 -13.5 3.0
412 -14.0 3.0
413 -14.5 3.0
414 0 3.5
415 0.5 3.5
416 1.0 3.5
417 1.5 3.5
418 2.0 3.5
419 2.5 3.5
420 3.0 3.5
421 3.5 3.5
422 4.0 3.5
423 4.5 3.5
424 5.0 3.5
425 5.5 3.5
426 6.0 3.5
427 6.5 3.5
428 7.0 3.5
429 7.5 3.5
430 8.0 3.5
431 8.5 3.5
432 9.0 3.5
433 9.5 3.5
434 10.0 3.5
435 10.5 3.5
436 11.0 3.5
437 11.5 3.5
438 12.0 3.5
439 12.5 3.5
440 13.0 3.5
441 13.5 3.5
442 14.0 3.5
443 14.5 3.5
444 -0.5 3.5
445 -1.0 3.5
446 -1.5 3.5
447 -2.0 3.5
448 -2.5 3.5
449 -3.0 3.5
450 -3.5 3.5
451 -4.0 3.5
452 -4.5 3.5
453 -5.0 3.5
454 -5.5 3.5
455 -6.0 3.5
456 -6.5 3.5
457 -7.0 3.5
458 -7.5 3.5
459 -8.0 3.5
460 -8.5 3.5
461 -9.0 3.5
462 -9.5 3.5
463 -10.0 3.5
464 -10.5 3.5
465 -11.0 3.5
466 -11.5 3.5
467 -12.0 3.5
468 -12.5 3.5
469 -13.0 3.5
470 -13.5 3.5
471 -14.0 3.5
472 -14.5 3.5
473 0 4.0
474 0.5 4.0
475 1.0 4.0
476 1.5 4.0
477 2.0 4.0
478 2.5 4.0
479 3.0 4.0
480 3.5 4.0
481 4.0 4.0
482 4.5 4.0
483 5.0 4.0
484 5.5 4.0
485 6.0 4.0
486 6.5 4.0
487 7.0 4.0
488 7.5 4.0
489 8.0 4.0
490 8.5 4.0
491 9.0 4.0
492 9.5 4.0
493 10.0 4.0
494 10.5 4.0
495 11.0 4.0
496 11.5 4.0
497 12.0 4.0
498 12.5 4.0
499 13.0 4.0
500 13.5 4.0
501 14.0 4.0
502 -0.5 4.0
503 -1.0 4.0
504 -1.5 4.0
505 -2.0 4.0
506 -2.5 4.0
507 -3.0 4.0
508 -3.5 4.0
509 -4.0 4.0
510 -4.5 4.0
511 -5.0 4.0
512 -5.5 4.0
513 -6.0 4.0
514 -6.5 4.0
515 -7.0 4.0
516 -7.5 4.0
517 -8.0 4.0
518 -8.5 4.0
519 -9.0 4.0
520 -9.5 4.0
521 -10.0 4.0
522 -10.5 4.0
523 -11.0 4.0
524 -11.5 4.0
525 -12.0 4.0
526 -12.5 4.0
527 -13.0 4.0
528 -13.5 4.0
529 -14.0 4.0
530 0 4.5
531 0.5 4.5
532 1.0 4.5
533 1.5 4.5
534 2.0 4.5
535 2.5 4.5
536 3.0 4.5
537 3.5 4.5
538 4.0 4.5
539 4.5 4.5
540 5.0 4.5
541 5.5 4.5
542 6.0 4.5
543 6.5 4.5
544 7.0 4.5
545 7.5 4.5
546 8.0 4.5
547 8.5 4.5
548 9.0 4.5
549 9.5 4.5
550 10.0 4.5
551 10.5 4.5
552 11.0 4.5
553 11.5 4.5
554 12.0 4.5
555 12.5 4.5
556 13.0 4.5
557 13.5 4.5
558 14.0 4.5
559 -0.5 4.5
560 -1.0 4.5
561 -1.5 4.5
562 -2.0 4.5
563 -2.5 4.5
564 -3.0 4.5
565 -3.5 4.5
566 -4.0 4.5
567 -4.5 4.5
568 -5.0 4.5
569 -5.5 4.5
570 -6.0 4.5
571 -6.5 4.5
572 -7.0 4.5
573 -7.5 4.5
574 -8.0 4.5
575 -8.5 4.5
576 -9.0 4.5
577 -9.5 4.5
578 -10.0 4.5
579 -10.5 4.5
580 -11.0 4.5
581 -11.5 4.5
582 -12.0 4.5
583 -12.5 4.5
584 -13.0 4.5
585 -13.5 4.5
586 -14.0 4.5
587 0 5.0
588 0.5 5.0
589 1.0 5.0
590 1.5 5.0
591 2.0 5.0
592 2.5 5.0
593 3.0 5.0
594 3.5 5.0
595 4.0 5.0
596 4.5 5.0
597 5.0 5.0
598 5.5 5.0
599 6.0 5.0
600 6.5 5.0
601 7.0 5.0
602 7.5 5.0
603 8.0 5.0
604 8.5 5.0
605 9.0 5.0
606 9.5 5.0
607 10.0 5.0
608 10.5 5.0
609 11.0 5.0
610 11.5 5.0
611 12.0 5.0
612 12.5 5.0
613 13.0 5.0
614 13.5 5.0
615 14.0 5.0
616 -0.5 5.0
617 -1.0 5.0
618 -1.5 5.0
619 -2.0 5.0
620 -2.5 5.0
621 -3.0 5.0
622 -3.5 5.0
623 -4.0 5.0
624 -4.5 5.0
625 -5.0 5.0
626 -5.5 5.0
627 -6.0 5.0
628 -6.5 5.0
629 -7.0 5.0
630 -7.5 5.0
631 -8.0 5.0
632 -8.5 5.0
633 -9.0 5.0
634 -9.5 5.0
635 -10.0 5.0
636 -10.5 5.0
637 -11.0 5.0
638 -11.5 5.0
639 -12.0 5.0
640 -12.5 5.0
641 -13.0 5.0
642 -13.5 5.0
643 -14.0 5.0
644 0 5.5
645 0.5 5.5
646 1.0 5.5
647 1.5 5.5
648 2.0 5.5
649 2.5 5.5
650 3.0 5.5
651 3.5 5.5
652 4.0 5.5
653 4.5 5.5
654 5.0 5.5
655 5.5 5.5
656 6.0 5.5
657 6.5 5.5
658 7.0 5.5
659 7.5 5.5
660 8.0 5.5
661 8.5 5.5
662 9.0 5.5
663 9.5 5.5
664 10.0 5.5
665 10.5 5.5
666 11.0 5.5
667 11.5 5.5
668 12.0 5.5
669 12.5 5.5
670 13.0 5.5
671 13.5 5.5
672 -0.5 5.5
673 -1.0 5.5
674 -1.5 5.5
675 -2.0 5.5
676 -2.5 5.5
677 -3.0 5.5
678 -3.5 5.5
679 -4.0 5.5
680 -4.5 5.5
681 -5.0 5.5
682 -5.5 5.5
683 -6.0 5.5
684 -6.5 5.5
685 -7.0 5.5
686 -7.5 5.5
687 -8.0 5.5
688 -8.5 5.5
689 -9.0 5.5
690 -9.5 5.5
691 -10.0 5.5
692 -10.5 5.5
693 -11.0 5.5
694 -11.5 5.5
695 -12.0 5.5
696 -12.5 5.5
697 -13.0 5.5
698 -13.5 5.5
699 0 6.0
700 0.5 6.0
701 1.0 6.0
702 1.5 6.0
703 2.0 6.0
704 2.5 6.0
705 3.0 6.0
706 3.5 6.0
707 4.0 6.0
708 4.5 6.0
709 5.0 6.0
710 5.5 6.0
711 6.0 6.0
712 6.5 6.0
713 7.0 6.0
714 7.5 6.0
715 8.0 6.0
716 8.5 6.0
717 9.0 6.0
718 9.5 6.0
719 10.0 6.0
720 10.5 6.0
721 11.0 6.0
722 11.5 6.0
723 12.0 6.0
724 12.5 6.0
725 13.0 6.0
726 13.5 6.0
727 -0.5 6.0
728 -1.0 6.0
729 -1.5 6.0
730 -2.0 6.0
731 -2.5 6.0
732 -3.0 6.0
733 -3.5 6.0
734 -4.0 6.0
735 -4.5 6.0
736 -5.0 6.0
737 -5.5 6.0
738 -6.0 6.0
739 -6.5 6.0
740 -7.0 6.0
741 -7.5 6.0
742 -8.0 6.0
743 -8.5 6.0
744 -9.0 6.0
745 -9.5 6.0
746 -10.0 6.0
747 -10.5 6.0
748 -11.0 6.0
749 -11.5 6.0
750 -12.0 6.0
751 -12.5 6.0
752 -13.0 6.0
753 -13.5 6.0
754 0 6.5
755 0.5 6.5
756 1.0 6.5
757 1.5 6.5
758 2.0 6.5
759 2.5 6.5
760 3.0 6.5
761 3.5 6.5
762 4.0 6.5
763 4.5 6.5
764 5.0 6.5
765 5.5 6.5
766 6.0 6.5
767 6.5 6.5
768 7.0 6.5
769 7.5 6.5
770 8.0 6.5
771 8.5 6.5
772 9.0 6.5
773 9.5 6.5
774 10.0 6.5
775 10.5 6.5
776 11.0 6.5
777 11.5 6.5
778 12.0 6.5
779 12.5 6.5
780 13.0 6.5
781 -0.5 6.5
782 -1.0 6.5
783 -1.5 6.5
784 -2.0 6.5
785 -2.5 6.5
786 -3.0 6.5
787 -3.5 6.5
788 -4.0 6.5
789 -4.5 6.5
790 -5.0 6.5
791 -5.5 6.5
792 -6.0 6.5
793 -6.5 6.5
794 -7.0 6.5
795 -7.5 6.5
796 -8.0 6.5
797 -8.5 6.5
798 -9.0 6.5
799 -9.5 6.5
800 -10.0 6.5
801 -10.5 6.5
802 -11.0 6.5
803 -11.5 6.5
804 -12.0 6.5
805 -12.5 6.5
806 -13.0 6.5
807 0 7.0
808 0.5 7.0
809 1.0 7.0
810 1.5 7.0
811 2.0 7.0
812 2.5 7.0
813 3.0 7.0
814 3.5 7.0
815 4.0 7.0
816 4.5 7.0
817 5.0 7.0
818 5.5 7.0
819 6.0 7.0
820 6.5 7.0
821 7.0 7.0
822 7.5 7.0
823 8.0 7.0
824 8.5 7.0
825 9.0 7.0
826 9.5 7.0
827 10.0 7.0
828 10.5 7.0
829 11.0 7.0
830 11.5 7.0
831 12.0 7.0
832 12.5 7.0
833 13.0 7.0
834 -0.5 7.0
835 -1.0 7.0
836 -1.5 7.0
837 -2.0 7.0
838 -2.5 7.0
839 -3.0 7.0
840 -3.5 7.0
841 -4.0 7.0
842 -4.5 7.0
843 -5.0 7.0
844 -5.5 7.0
845 -6.0 7.0
846 -6.5 7.0
847 -7.0 7.0
848 -7.5 7.0
849 -8.0 7.0
850 -8.5 7.0
851 -9.0 7.0
852 -9.5 7.0
853 -10.0 7.0
854 -10.5 7.0
855 -11.0 7.0
856 -11.5 7.0
857 -12.0 7.0
858 -12.5 7.0
859 -13.0 7.0
860 0 7.5
861 0.5 7.5
862 1.0 7.5
863 1.5 7.5
864 2.0 7.5
865 2.5 7.5
866 3.0 7.5
867 3.5 7.5
868 4.0 7.5
869 4.5 7.5
870 5.0 7.5
871 5.5 7.5
872 6.0 7.5
873 6.5 7.5
874 7.0 7.5
875 7.5 7.5
876 8.0 7.5
877 8.5 7.5
878 9.0 7.5
879 9.5 7.5
880 10.0 7.5
881 10.5 7.5
882 11.0 7.5
883 11.5 7.5
884 12.0 7.5
885 12.5 7.5
886 -0.5 7.5
887 -1.0 7.5
888 -1.5 7.5
889 -2.0 7.5
890 -2.5 7.5
891 -3.0 7.5
892 -3.5 7.5
893 -4.0 7.5
894 -4.5 7.5
895 -5.0 7.5
896 -5.5 7.5
897 -6.0 7.5
898 -6.5 7.5
899 -7.0 7.5
900 -7.5 7.5
901 -8.0 7.5
902 -8.5 7.5
903 -9.0 7.5
904 -9.5 7.5
905 -10.0 7.5
906 -10.5 7.5
907 -11.0 7.5
908 -11.5 7.5
909 -12.0 7.5
910 -12.5 7.5
911 0 8.0
912 0.5 8.0
913 1.0 8.0
914 1.5 8.0
915 2.0 8.0
916 2.5 8.0
917 3.0 8.0
918 3.5 8.0
919 4.0 8.0
920 4.5 8.0
921 5.0 8.0
922 5.5 8.0
923 6.0 8.0
924 6.5 8.0
925 7.0 8.0
926 7.5 8.0
927 8.0 8.0
928 8.5 8.0
929 9.0 8.0
930 9.5 8.0
931 10.0 8.0
932 10.5 8.0
933 11.0 8.0
934 11.5 8.0
935 12.0 8.0
936 12.5 8.0
937 -0.5 8.0
938 -1.0 8.0
939 -1.5 8.0
940 -2.0 8.0
941 -2.5 8.0
942 -3.0 8.0
943 -3.5 8.0
944 -4.0 8.0
945 -4.5 8.0
946 -5.0 8.0
947 -5.5 8.0
948 -6.0 8.0
949 -6.5 8.0
950 -7.0 8.0
951 -7.5 8.0
952 -8.0 8.0
953 -8.5 8.0
954 -9.0 8.0
955 -9.5 8.0
956 -10.0 8.0
957 -10.5 8.0
958 -11.0 8.0
959 -11.5 8.0
960 -12.0 8.0
961 -12.5 8.0
962 0 8.5
963 0.5 8.5
964 1.0 8.5
965 1.5 8.5
966 2.0 8.5
967 2.5 8.5
968 3.0 8.5
969 3.5 8.5
970 4.0 8.5
971 4.5 8.5
972 5.0 8.5
973 5.5 8.5
974 6.0 8.5
975 6.5 8.5
976 7.0 8.5
977 7.5 8.5
978 8.0 8.5
979 8.5 8.5
980 9.0 8.5
981 9.5 8.5
982 10.0 8.5
983 10.5 8.5
984 11.0 8.5
985 11.5 8.5
986 12.0 8.5
987 -0.5 8.5
988 -1.0 8.5
989 -1.5 8.5
990 -2.0 8.5
991 -2.5 8.5
992 -3.0 8.5
993 -3.5 8.5
994 -4.0 8.5
995 -4.5 8.5
996 -5.0 8.5
997 -5.5 8.5
998 -6.0 8.5
999 -6.5 8.5
1000 -7.0 8.5
1001 -7.5 8.5
1002 -8.0 8.5
1003 -8.5 8.5
1004 -9.0 8.5
1005 -9.5 8.5
1006 -10.0 8.5
1007 -10.5 8.5
1008 -11.0 8.5
1009 -11.5 8.5
1010 -12.0 8.5
1011 0 9.0
1012 0.5 9.0
1013 1.0 9.0
1014 1.5 9.0
1015 2.0 9.0
1016 2.5 9.0
1017 3.0 9.0
1018 3.5 9.0
1019 4.0 9.0
1020 4.5 9.0
1021 5.0 9.0
1022 5.5 9.0
1023 6.0 9.0
1024 6.5 9.0
1025 7.0 9.0
1026 7.5 9.0
1027 8.0 9.0
1028 8.5 9.0
1029 9.0 9.0
1030 9.5 9.0
1031 10.0 9.0
1032 10.5 9.0
1033 11.0 9.0
1034 11.5 9.0
1035 -0.5 9.0
1036 -1.0 9.0
1037 -1.5 9.0
1038 -2.0 9.0
1039 -2.5 9.0
1040 -3.0 9.0
1041 -3.5 9.0
1042 -4.0 9.0
1043 -4.5 9.0
1044 -5.0 9.0
1045 -5.5 9.0
1046 -6.0 9.0
1047 -6.5 9.0
1048 -7.0 9.0
1049 -7.5 9.0
1050 -8.0 9.0
1051 -8.5 9.0
1052 -9.0 9.0
1053 -9.5 9.0
1054 -10.0 9.0
1055 -10.5 9.0
1056 -11.0 9.0
1057 -11.5 9.0
1058 0 9.5
1059 0.5 9.5
1060 1.0 9.5
1061 1.5 9.5
1062 2.0 9.5
1063 2.5 9.5
1064 3.0 9.5
1065 3.5 9.5
1066 4.0 9.5
1067 4.5 9.5
1068 5.0 9.5
1069 5.5 9.5
1070 6.0 9.5
1071 6.5 9.5
1072 7.0 9.5
1073 7.5 9.5
1074 8.0 9.5
1075 8.5 9.5
1076 9.0 9.5
1077 9.5 9.5
1078 10.0 9.5
1079 10.5 9.5
1080 11.0 9.5
1081 11.5 9.5
1082 -0.5 9.5
1083 -1.0 9.5
1084 -1.5 9.5
1085 -2.0 9.5
1086 -2.5 9.5
1087 -3.0 9.5
1088 -3.5 9.5
1089 -4.0 9.5
1090 -4.5 9.5
1091 -5.0 9.5
1092 -5.5 9.5
1093 -6.0 9.5
1094 -6.5 9.5
1095 -7.0 9.5
1096 -7.5 9.5
1097 -8.0 9.5
1098 -8.5 9.5
1099 -9.0 9.5
1100 -9.5 9.5
1101 -10.0 9.5
1102 -10.5 9.5
1103 -11.0 9.5
1104 -11.5 9.5
1105 0 10.0
1106 0.5 10.0
1107 1.0 10.0
1108 1.5 10.0
1109 2.0 10.0
1110 2.5 10.0
1111 3.0 10.0
1112 3.5 10.0
1113 4.0 10.0
1114 4.5 10.0
1115 5.0 10.0
1116 5.5 10.0
1117 6.0 10.0
1118 6.5 10.0
1119 7.0 10.0
1120 7.5 10.0
1121 8.0 10.0
1122 8.5 10.0
1123 9.0 10.0
1124 9.5 10.0
1125 10.0 10.0
1126 10.5 10.0
1127 11.0 10.0
1128 -0.5 10.0
1129 -1.0 10.0
1130 -1.5 10.0
1131 -2.0 10.0
1132 -2.5 10.0
1133 -3.0 10.0
1134 -3.5 10.0
1135 -4.0 10.0
1136 -4.5 10.0
1137 -5.0 10.0
1138 -5.5 10.0
1139 -6.0 10.0
1140 -6.5 10.0
1141 -7.0 10.0
1142 -7.5 10.0
1143 -8.0 10.0
1144 -8.5 10.0
1145 -9.0 10.0
1146 -9.5 10.0
1147 -10.0 10.0
1148 -10.5 10.0
1149 -11.0 10.0
1150 0 10.5
1151 0.5 10.5
1152 1.0 10.5
1153 1.5 10.5
1154 2.0 10.5
1155 2.5 10.5
1156 3.0 10.5
1157 3.5 10.5
1158 4.0 10.5
1159 4.5 10.5
1160 5.0 10.5
1161 5.5 10.5
1162 6.0 10.5
1163 6.5 10.5
1164 7.0 10.5
1165 7.5 10.5
1166 8.0 10.5
1167 8.5 10.5
1168 9.0 10.5
1169 9.5 10.5
1170 10.0 10.5
1171 10.5 10.5
1172 -0.5 10.5
1173 -1.0 10.5
1174 -1.5 10.5
1175 -2.0 10.5
1176 -2.5 10.5
1177 -3.0 10.5
1178 -3.5 10.5
1179 -4.0 10.5
1180 -4.5 10.5
1181 -5.0 10.5
1182 -5.5 10.5
1183 -6.0 10.5
1184 -6.5 10.5
1185 -7.0 10.5
1186 -7.5 10.5
1187 -8.0 10.5
1188 -8.5 10.5
1189 -9.0 10.5
1190 -9.5 10.5
1191 -10.0 10.5
1192 -10.5 10.5
1193 0 11.0
1194 0.5 11.0
1195 1.0 11.0
1196 1.5 11.0
1197 2.0 11.0
1198 2.5 11.0
1199 3.0 11.0
1200 3.5 11.0
1201 4.0 11.0
1202 4.5 11.0
1203 5.0 11.0
1204 5.5 11.0
1205 6.0 11.0
1206 6.5 11.0
1207 7.0 11.0
1208 7.5 11.0
1209 8.0 11.0
1210 8.5 11.0
1211 9.0 11.0
1212 9.5 11.0
1213 10.0 11.0
1214 -0.5 11.0
1215 -1.0 11.0
1216 -1.5 11.0
1217 -2.0 11.0
1218 -2.5 11.0
1219 -3.0 11.0
1220 -3.5 11.0
1221 -4.0 11.0
1222 -4.5 11.0
1223 -5.0 11.0
1224 -5.5 11.0
1225 -6.0 11.0
1226 -6.5 11.0
1227 -7.0 11.0
1228 -7.5 11.0
1229 -8.0 11.0
1230 -8.5 11.0
1231 -9.0 11.0
1232 -9.5 11.0
1233 -10.0 11.0
1234 0 11.5
1235 0.5 11.5
1236 1.0 11.5
1237 1.5 11.5
1238 2.0 11.5
1239 2.5 11.5
1240 3.0 11.5
1241 3.5 11.5
1242 4.0 11.5
1243 4.5 11.5
1244 5.0 11.5
1245 5.5 11.5
1246 6.0 11.5
1247 6.5 11.5
1248 7.0 11.5
1249 7.5 11.5
1250 8.0 11.5
1251 8.5 11.5
1252 9.0 11.5
1253 9.5 11.5
1254 -0.5 11.5
1255 -1.0 11.5
1256 -1.5 11.5
1257 -2.0 11.5
1258 -2.5 11.5
1259 -3.0 11.5
1260 -3.5 11.5
1261 -4.0 11.5
1262 -4.5 11.5
1263 -5.0 11.5
1264 -5.5 11.5
1265 -6.0 11.5
1266 -6.5 11.5
1267 -7.0 11.5
1268 -7.5 11.5
1269 -8.0 11.5
1270 -8.5 11.5
1271 -9.0 11.5
1272 -9.5 11.5
1273 0 12.0
1274 0.5 12.0
1275 1.0 12.0
1276 1.5 12.0
1277 2.0 12.0
1278 2.5 12.0
1279 3.0 12.0
1280 3.5 12.0
1281 4.0 12.0
1282 4.5 12.0
1283 5.0 12.0
1284 5.5 12.0
1285 6.0 12.0
1286 6.5 12.0
1287 7.0 12.0
1288 7.5 12.0
1289 8.0 12.0
1290 8.5 12.0
1291 -0.5 12.0
1292 -1.0 12.0
1293 -1.5 12.0
1294 -2.0 12.0
1295 -2.5 12.0
1296 -3.0 12.0
1297 -3.5 12.0
1298 -4.0 12.0
1299 -4.5 12.0
1300 -5.0 12.0
1301 -5.5 12.0
1302 -6.0 12.0
1303 -6.5 12.0
1304 -7.0 12.0
1305 -7.5 12.0
1306 -8.0 12.0
1307 -8.5 12.0
1308 0 12.5
1309 0.5 12.5
1310 1.0 12.5
1311 1.5 12.5
1312 2.0 12.5
1313 2.5 12.5
1314 3.0 12.5
1315 3.5 12.5
1316 4.0 12.5
1317 4.5 12.5
1318 5.0 12.5
1319 5.5 12.5
1320 6.0 12.5
1321 6.5 12.5
1322 7.0 12.5
1323 7.5 12.5
1324 8.0 12.5
1325 -0.5 12.5
1326 -1.0 12.5
1327 -1.5 12.5
1328 -2.0 12.5
1329 -2.5 12.5
1330 -3.0 12.5
1331 -3.5 12.5
1332 -4.0 12.5
1333 -4.5 12.5
1334 -5.0 12.5
1335 -5.5 12.5
1336 -6.0 12.5
1337 -6.5 12.5
1338 -7.0 12.5
1339 -7.5 12.5
1340 -8.0 12.5
1341 0 13.0
1342 0.5 13.0
1343 1.0 13.0
1344 1.5 13.0
1345 2.0 13.0
1346 2.5 13.0
1347 3.0 13.0
1348 3.5 13.0
1349 4.0 13.0
1350 4.5 13.0
1351 5.0 13.0
1352 5.5 13.0
1353 6.0 13.0
1354 6.5 13.0
1355 7.0 13.0
1356 -0.5 13.0
1357 -1.0 13.0
1358 -1.5 13.0
1359 -2.0 13.0
1360 -2.5 13.0
1361 -3.0 13.0
1362 -3.5 13.0
1363 -4.0 13.0
1364 -4.5 13.0
1365 -5.0 13.0
1366 -5.5 13.0
1367 -6.0 13.0
1368 -6.5 13.0
1369 -7.0 13.0
1370 0 13.5
1371 0.5 13.5
1372 1.0 13.5
1373 1.5 13.5
1374 2.0 13.5
1375 2.5 13.5
1376 3.0 13.5
1377 3.5 13.5
1378 4.0 13.5
1379 4.5 13.5
1380 5.0 13.5
1381 5.5 13.5
1382 6.0 13.5
1383 -0.5 13.5
1384 -1.0 13.5
1385 -1.5 13.5
1386 -2.0 13.5
1387 -2.5 13.5
1388 -3.0 13.5
1389 -3.5 13.5
1390 -4.0 13.5
1391 -4.5 13.5
1392 -5.0 13.5
1393 -5.5 13.5
1394 -6.0 13.5
1395 0 14.0
1396 0.5 14.0
1397 1.0 14.0
1398 1.5 14.0
1399 2.0 14.0
1400 2.5 14.0
1401 3.0 14.0
1402 3.5 14.0
1403 4.0 14.0
1404 4.5 14.0
1405 5.0 14.0
1406 -0.5 14.0
1407 -1.0 14.0
1408 -1.5 14.0
1409 -2.0 14.0
1410 -2.5 14.0
1411 -3.0 14.0
1412 -3.5 14.0
1413 -4.0 14.0
1414 -4.5 14.0
1415 -5.0 14.0
1416 0 14.5
1417 0.5 14.5
1418 1.0 14.5
1419 1.5 14.5
1420 2.0 14.5
1421 2.5 14.5
1422 3.0 14.5
1423 3.5 14.5
1424 -0.5 14.5
1425 -1.0 14.5
1426 -1.5 14.5
1427 -2.0 14.5
1428 -2.5 14.5
1429 -3.0 14.5
1430 -3.5 14.5
1431 0 -0.5
1432 0.5 -0.5
1433 1.0 -0.5
1434 1.5 -0.5
1435 2.0 -0.5
1436 2.5 -0.5
1437 3.0 -0.5
1438 3.5 -0.5
1439 4.0 -0.5
1440 4.5 -0.5
1441 5.0 -0.5
1442 5.5 -0.5
1443 6.0 -0.5
1444 6.5 -0.5
1445 7.0 -0.5
1446 7.5 -0.5
1447 8.0 -0.5
1448 8.5 -0.5
1449 9.0 -0.5
1450 9.5 -0.5
1451 10.0 -0.5
1452 10.5 -0.5
1453 11.0 -0.5
1454 11.5 -0.5
1455 12.0 -0.5
1456 12.5 -0.5
1457 13.0 -0.5
1458 13.5 -0.5
1459 14.0 -0.5
1460 14.5 -0.5
1461 -0.5 -0.5
1462 -1.0 -0.5
1463 -1.5 -0.5
1464 -2.0 -0.5
1465 -2.5 -0.5
1466 -3.0 -0.5
1467 -3.5 -0.5
1468 -4.0 -0.5
1469 -4.5 -0.5
1470 -5.0 -0.5
1471 -5.5 -0.5
1472 -6.0 -0.5
1473 -6.5 -0.5
1474 -7.0 -0.5
1475 -7.5 -0.5
1476 -8.0 -0.5
1477 -8.5 -0.5
1478 -9.0 -0.5
1479 -9.5 -0.5
1480 -10.0 -0.5
1481 -10.5 -0.5
1482 -11.0 -0.5
1483 -11.5 -0.5
1484 -12.0 -0.5
1485 -12.5 -0.5
1486 -13.0 -0.5
1487 -13.5 -0.5
1488 -14.0 -0.5
1489 -14.5 -0.5
1490 0 -1.0
1491 0.5 -1.0
1492 1.0 -1.0
1493 1.5 -1.0
1494 2.0 -1.0
1495 2.5 -1.0
1496 3.0 -1.0
1497 3.5 -1.0
1498 4.0 -1.0
1499 4.5 -1.0
1500 5.0 -1.0
1501 5.5 -1.0
1502 6.0 -1.0
1503 6.5 -1.0
1504 7.0 -1.0
1505 7.5 -1.0
1506 8.0 -1.0
1507 8.5 -1.0
1508 9.0 -1.0
1509 9.5 -1.0
1510 10.0 -1.0
1511 10.5 -1.0
1512 11.0 -1.0
1513 11.5 -1.0
1514 12.0 -1.0
1515 12.5 -1.0
1516 13.0 -1.0
1517 13.5 -1.0
1518 14.0 -1.0
1519 14.5 -1.0
1520 -0.5 -1.0
1521 -1.0 -1.0
1522 -1.5 -1.0
1523 -2.0 -1.0
1524 -2.5 -1.0
1525 -3.0 -1.0
1526 -3.5 -1.0
1527 -4.0 -1.0
1528 -4.5 -1.0
1529 -5.0 -1.0
1530 -5.5 -1.0
1531 -6.0 -1.0
1532 -6.5 -1.0
1533 -7.0 -1.0
1534 -7.5 -1.0
1535 -8.0 -1.0
1536 -8.5 -1.0
1537 -9.0 -1.0
1538 -9.5 -1.0
1539 -10.0 -1.0
1540 -10.5 -1.0
1541 -11.0 -1.0
1542 -11.5 -1.0
1543 -12.0 -1.0
1544 -12.5 -1.0
1545 -13.0 -1.0
1546 -13.5 -1.0
1547 -14.0 -1.0
1548 -14.5 -1.0
1549 0 -1.5
1550 0.5 -1.5
1551 1.0 -1.5
1552 1.5 -1.5
1553 2.0 -1.5
1554 2.5 -1.5
1555 3.0 -1.5
1556 3.5 -1.5
1557 4.0 -1.5
1558 4.5 -1.5
1559 5.0 -1.5
1560 5.5 -1.5
1561 6.0 -1.5
1562 6.5 -1.5
1563 7.0 -1.5
1564 7.5 -1.5
1565 8.0 -1.5
1566 8.5 -1.5
1567 9.0 -1.5
1568 9.5 -1.5
1569 10.0 -1.5
1570 10.5 -1.5
1571 11.0 -1.5
1572 11.5 -1.5
1573 12.0 -1.5
1574 12.5 -1.5
1575 13.0 -1.5
1576 13.5 -1.5
1577 14.0 -1.5
1578 14.5 -1.5
1579 -0.5 -1.5
1580 -1.0 -1.5
1581 -1.5 -1.5
1582 -2.0 -1.5
1583 -2.5 -1.5
1584 -3.0 -1.5
1585 -3.5 -1.5
1586 -4.0 -1.5
1587 -4.5 -1.5
1588 -5.0 -1.5
1589 -5.5 -1.5
1590 -6.0 -1.5
1591 -6.5 -1.5
1592 -7.0 -1.5
1593 -7.5 -1.5
1594 -8.0 -1.5
1595 -8.5 -1.5
1596 -9.0 -1.5
1597 -9.5 -1.5
1598 -10.0 -1.5
1599 -10.5 -1.5
1600 -11.0 -1.5
1601 -11.5 -1.5
1602 -12.0 -1.5
1603 -12.5 -1.5
1604 -13.0 -1.5
1605 -13.5 -1.5
1606 -14.0 -1.5
1607 -14.5 -1.5
1608 0 -2.0
1609 0.5 -2.0
1610 1.0 -2.0
1611 1.5 -2.0
1612 2.0 -2.0
1613 2.5 -2.0
1614 3.0 -2.0
1615 3.5 -2.0
1616 4.0 -2.0
1617 4.5 -2.0
1618 5.0 -2.0
1619 5.5 -2.0
1620 6.0 -2.0
1621 6.5 -2.0
1622 7.0 -2.0
1623 7.5 -2.0
1624 8.0 -2.0
1625 8.5 -2.0
1626 9.0 -2.0
1627 9.5 -2.0
1628 10.0 -2.0
1629 10.5 -2.0
1630 11.0 -2.0
1631 11.5 -2.0
1632 12.0 -2.0
1633 12.5 -2.0
1634 13.0 -2.0
1635 13.5 -2.0
1636 14.0 -2.0
1637 14.5 -2.0
1638 -0.5 -2.0
1639 -1.0 -2.0
1640 -1.5 -2.0
1641 -2.0 -2.0
1642 -2.5 -2.0
1643 -3.0 -2.0
1644 -3.5 -2.0
1645 -4.0 -2.0
1646 -4.5 -2.0
1647 -5.0 -2.0
1648 -5.5 -2.0
1649 -6.0 -2.0
1650 -6.5 -2.0
1651 -7.0 -2.0
1652 -7.5 -2.0
1653 -8.0 -2.0
1654 -8.5 -2.0
1655 -9.0 -2.0
1656 -9.5 -2.0
1657 -10.0 -2.0
1658 -10.5 -2.0
1659 -11.0 -2.0
1660 -11.5 -2.0
1661 -12.0 -2.0
1662 -12.5 -2.0
1663 -13.0 -2.0
1664 -13.5 -2.0
1665 -14.0 -2.0
1666 -14.5 -2.0
1667 0 -2.5
1668 0.5 -2.5
1669 1.0 -2.5
1670 1.5 -2.5
1671 2.0 -2.5
1672 2.5 -2.5
1673 3.0 -2.5
1674 3.5 -2.5
1675 4.0 -2.5
1676 4.5 -2.5
1677 5.0 -2.5
1678 5.5 -2.5
1679 6.0 -2.5
1680 6.5 -2.5
1681 7.0 -2.5
1682 7.5 -2.5
1683 8.0 -2.5
1684 8.5 -2.5
1685 9.0 -2.5
1686 9.5 -2.5
1687 10.0 -2.5
1688 10.5 -2.5
1689 11.0 -2.5
1690 11.5 -2.5
1691 12.0 -2.5
1692 12.5 -2.5
1693 13.0 -2.5
1694 13.5 -2.5
1695 14.0 -2.5
1696 14.5 -2.5
1697 -0.5 -2.5
1698 -1.0 -2.5
1699 -1.5 -2.5
1700 -2.0 -2.5
1701 -2.5 -2.5
1702 -3.0 -2.5
1703 -3.5 -2.5
1704 -4.0 -2.5
1705 -4.5 -2.5
1706 -5.0 -2.5
1707 -5.5 -2.5
1708 -6.0 -2.5
1709 -6.5 -2.5
1710 -7.0 -2.5
1711 -7.5 -2.5
1712 -8.0 -2.5
1713 -8.5 -2.5
1714 -9.0 -2.5
1715 -9.5 -2.5
1716 -10.0 -2.5
1717 -10.5 -2.5
1718 -11.0 -2.5
1719 -11.5 -2.5
1720 -12.0 -2.5
1721 -12.5 -2.5
1722 -13.0 -2.5
1723 -13.5 -2.5
1724 -14.0 -2.5
1725 -14.5 -2.5
1726 0 -3.0
1727 0.5 -3.0
1728 1.0 -3.0
1729 1.5 -3.0
1730 2.0 -3.0
1731 2.5 -3.0
1732 3.0 -3.0
1733 3.5 -3.0
1734 4.0 -3.0
1735 4.5 -3.0
1736 5.0 -3.0
1737 5.5 -3.0
1738 6.0 -3.0
1739 6.5 -3.0
1740 7.0 -3.0
1741 7.5 -3.0
1742 8.0 -3.0
1743 8.5 -3.0
1744 9.0 -3.0
1745 9.5 -3.0
1746 10.0 -3.0
1747 10.5 -3.0
1748 11.0 -3.0
1749 11.5 -3.0
1750 12.0 -3.0
1751 12.5 -3.0
1752 13.0 -3.0
1753 13.5 -3.0
1754 14.0 -3.0
1755 14.5 -3.0
1756 -0.5 -3.0
1757 -1.0 -3.0
1758 -1.5 -3.0
1759 -2.0 -3.0
1760 -2.5 -3.0
1761 -3.0 -3.0
1762 -3.5 -3.0
1763 -4.0 -3.0
1764 -4.5 -3.0
1765 -5.0 -3.0
1766 -5.5 -3.0
1767 -6.0 -3.0
1768 -6.5 -3.0
1769 -7.0 -3.0
1770 -7.5 -3.0
1771 -8.0 -3.0
1772 -8.5 -3.0
1773 -9.0 -3.0
1774 -9.5 -3.0
1775 -10.0 -3.0
1776 -10.5 -3.0
1777 -11.0 -3.0
1778 -11.5 -3.0
1779 -12.0 -3.0
1780 -12.5 -3.0
1781 -13.0 -3.0
1782 -13.5 -3.0
1783 -14.0 -3.0
1784 -14.5 -3.0
1785 0 -3.5
1786 0.5 -3.5
1787 1.0 -3.5
1788 1.5 -3.5
1789 2.0 -3.5
1790 2.5 -3.5
1791 3.0 -3.5
1792 3.5 -3.5
1793 4.0 -3.5
1794 4.5 -3.5
1795 5.0 -3.5
1796 5.5 -3.5
1797 6.0 -3.5
1798 6.5 -3.5
1799 7.0 -3.5
1800 7.5 -3.5
1801 8.0 -3.5
1802 8.5 -3.5
1803 9.0 -3.5
1804 9.5 -3.5
1805 10.0 -3.5
1806 10.5 -3.5
1807 11.0 -3.5
1808 11.5 -3.5
1809 12.0 -3.5
1810 12.5 -3.5
1811 13.0 -3.5
1812 13.5 -3.5
1813 14.0 -3.5
1814 14.5 -3.5
1815 -0.5 -3.5
1816 -1.0 -3.5
1817 -1.5 -3.5
1818 -2.0 -3.5
1819 -2.5 -3.5
1820 -3.0 -3.5
1821 -3.5 -3.5
1822 -4.0 -3.5
1823 -4.5 -3.5
1824 -5.0 -3.5
1825 -5.5 -3.5
1826 -6.0 -3.5
1827 -6.5 -3.5
1828 -7.0 -3.5
1829 -7.5 -3.5
1830 -8.0 -3.5
1831 -8.5 -3.5
1832 -9.0 -3.5
1833 -9.5 -3.5
1834 -10.0 -3.5
1835 -10.5 -3.5
1836 -11.0 -3.5
1837 -11.5 -3.5
1838 -12.0 -3.5
1839 -12.5 -3.5
1840 -13.0 -3.5
1841 -13.5 -3.5
1842 -14.0 -3.5
1843 -14.5 -3.5
1844 0 -4.0
1845 0.5 -4.0
1846 1.0 -4.0
1847 1.5 -4.0
1848 2.0 -4.0
1849 2.5 -4.0
1850 3.0 -4.0
1851 3.5 -4.0
1852 4.0 -4.0
1853 4.5 -4.0
1854 5.0 -4.0
1855 5.5 -4.0
1856 6.0 -4.0
1857 6.5 -4.0
1858 7.0 -4.0
1859 7.5 -4.0
1860 8.0 -4.0
1861 8.5 -4.0
1862 9.0 -4.0
1863 9.5 -4.0
1864 10.0 -4.0
1865 10.5 -4.0
1866 11.0 -4.0
1867 11.5 -4.0
1868 12.0 -4.0
1869 12.5 -4.0
1870 13.0 -4.0
1871 13.5 -4.0
1872 14.0 -4.0
1873 -0.5 -4.0
1874 -1.0 -4.0
1875 -1.5 -4.0
1876 -2.0 -4.0
1877 -2.5 -4.0
1878 -3.0 -4.0
1879 -3.5 -4.0
1880 -4.0 -4.0
1881 -4.5 -4.0
1882 -5.0 -4.0
1883 -5.5 -4.0
1884 -6.0 -4.0
1885 -6.5 -4.0
1886 -7.0 -4.0
1887 -7.5 -4.0
1888 -8.0 -4.0
1889 -8.5 -4.0
1890 -9.0 -4.0
1891 -9.5 -4.0
1892 -10.0 -4.0
1893 -10.5 -4.0
1894 -11.0 -4.0
1895 -11.5 -4.0
1896 -12.0 -4.0
1897 -12.5 -4.0
1898 -13.0 -4.0
1899 -13.5 -4.0
1900 -14.0 -4.0
1901 0 -4.5
1902 0.5 -4.5
1903 1.0 -4.5
1904 1.5 -4.5
1905 2.0 -4.5
1906 2.5 -4.5
1907 3.0 -4.5
1908 3.5 -4.5
1909 4.0 -4.5
1910 4.5 -4.5
1911 5.0 -4.5
1912 5.5 -4.5
1913 6.0 -4.5
1914 6.5 -4.5
1915 7.0 -4.5
1916 7.5 -4.5
1917 8.0 -4.5
1918 8.5 -4.5
1919 9.0 -4.5
1920 9.5 -4.5
1921 10.0 -4.5
1922 10.5 -4.5
1923 11.0 -4.5
1924 11.5 -4.5
1925 12.0 -4.5
1926 12.5 -4.5
1927 13.0 -4.5
1928 13.5 -4.5
1929 14.0 -4.5
1930 -0.5 -4.5
1931 -1.0 -4.5
1932 -1.5 -4.5
1933 -2.0 -4.5
1934 -2.5 -4.5
1935 -3.0 -4.5
1936 -3.5 -4.5
1937 -4.0 -4.5
1938 -4.5 -4.5
1939 -5.0 -4.5
1940 -5.5 -4.5
1941 -6.0 -4.5
1942 -6.5 -4.5
1943 -7.0 -4.5
1944 -7.5 -4.5
1945 -8.0 -4.5
1946 -8.5 -4.5
1947 -9.0 -4.5
1948 -9.5 -4.5
1949 -10.0 -4.5
1950 -10.5 -4.5
1951 -11.0 -4.5
1952 -11.5 -4.5
1953 -12.0 -4.5
1954 -12.5 -4.5
1955 -13.0 -4.5
1956 -13.5 -4.5
1957 -14.0 -4.5
1958 0 -5.0
1959 0.5 -5.0
1960 1.0 -5.0
1961 1.5 -5.0
1962 2.0 -5.0
1963 2.5 -5.0
1964 3.0 -5.0
1965 3.5 -5.0
1966 4.0 -5.0
1967 4.5 -5.0
1968 5.0 -5.0
1969 5.5 -5.0
1970 6.0 -5.0
1971 6.5 -5.0
1972 7.0 -5.0
1973 7.5 -5.0
1974 8.0 -5.0
1975 8.5 -5.0
1976 9.0 -5.0
1977 9.5 -5.0
1978 10.0 -5.0
1979 10.5 -5.0
1980 11.0 -5.0
1981 11.5 -5.0
1982 12.0 -5.0
1983 12.5 -5.0
1984 13.0 -5.0
1985 13.5 -5.0
1986 14.0 -5.0
1987 -0.5 -5.0
1988 -1.0 -5.0
1989 -1.5 -5.0
1990 -2.0 -5.0
1991 -2.5 -5.0
1992 -3.0 -5.0
1993 -3.5 -5.0
1994 -4.0 -5.0
1995 -4.5 -5.0
1996 -5.0 -5.0
1997 -5.5 -5.0
1998 -6.0 -5.0
1999 -6.5 -5.0
2000 -7.0 -5.0
2001 -7.5 -5.0
2002 -8.0 -5.0
2003 -8.5 -5.0
2004 -9.0 -5.0
2005 -9.5 -5.0
2006 -10.0 -5.0
2007 -10.5 -5.0
2008 -11.0 -5.0
2009 -11.5 -5.0
2010 -12.0 -5.0
2011 -12.5 -5.0
2012 -13.0 -5.0
2013 -13.5 -5.0
2014 -14.0 -5.0
2015 0 -5.5
2016 0.5 -5.5
2017 1.0 -5.5
2018 1.5 -5.5
2019 2.0 -5.5
2020 2.5 -5.5
2021 3.0 -5.5
2022 3.5 -5.5
2023 4.0 -5.5
2024 4.5 -5.5
2025 5.0 -5.5
2026 5.5 -5.5
2027 6.0 -5.5
2028 6.5 -5.5
2029 7.0 -5.5
2030 7.5 -5.5
2031 8.0 -5.5
2032 8.5 -5.5
2033 9.0 -5.5
2034 9.5 -5.5
2035 10.0 -5.5
2036 10.5 -5.5
2037 11.0 -5.5
2038 11.5 -5.5
2039 12.0 -5.5
2040 12.5 -5.5
2041 13.0 -5.5
2042 13.5 -5.5
2043 -0.5 -5.5
2044 -1.0 -5.5
2045 -1.5 -5.5
2046 -2.0 -5.5
2047 -2.5 -5.5
2048 -3.0 -5.5
2049 -3.5 -5.5
2050 -4.0 -5.5
2051 -4.5 -5.5
2052 -5.0 -5.5
2053 -5.5 -5.5
2054 -6.0 -5.5
2055 -6.5 -5.5
2056 -7.0 -5.5
2057 -7.5 -5.5
2058 -8.0 -5.5
2059 -8.5 -5.5
2060 -9.0 -5.5
2061 -9.5 -5.5
2062 -10.0 -5.5
2063 -10.5 -5.5
2064 -11.0 -5.5
2065 -11.5 -5.5
2066 -12.0 -5.5
2067 -12.5 -5.5
2068 -13.0 -5.5
2069 -13.5 -5.5
2070 0 -6.0
2071 0.5 -6.0
2072 1.0 -6.0
2073 1.5 -6.0
2074 2.0 -6.0
2075 2.5 -6.0
2076 3.0 -6.0
2077 3.5 -6.0
2078 4.0 -6.0
2079 4.5 -6.0
2080 5.0 -6.0
2081 5.5 -6.0
2082 6.0 -6.0
2083 6.5 -6.0
2084 7.0 -6.0
2085 7.5 -6.0
2086 8.0 -6.0
2087 8.5 -6.0
2088 9.0 -6.0
2089 9.5 -6.0
2090 10.0 -6.0
2091 10.5 -6.0
2092 11.0 -6.0
2093 11.5 -6.0
2094 12.0 -6.0
2095 12.5 -6.0
2096 13.0 -6.0
2097 13.5 -6.0
2098 -0.5 -6.0
2099 -1.0 -6.0
2100 -1.5 -6.0
2101 -2.0 -6.0
2102 -2.5 -6.0
2103 -3.0 -6.0
2104 -3.5 -6.0
2105 -4.0 -6.0
2106 -4.5 -6.0
2107 -5.0 -6.0
2108 -5.5 -6.0
2109 -6.0 -6.0
2110 -6.5 -6.0
2111 -7.0 -6.0
2112 -7.5 -6.0
2113 -8.0 -6.0
2114 -8.5 -6.0
2115 -9.0 -6.0
2116 -9.5 -6.0
2117 -10.0 -6.0
2118 -10.5 -6.0
2119 -11.0 -6.0
2120 -11.5 -6.0
2121 -12.0 -6.0
2122 -12.5 -6.0
2123 -13.0 -6.0
2124 -13.5 -6.0
2125 0 -6.5
2126 0.5 -6.5
2127 1.0 -6.5
2128 1.5 -6.5
2129 2.0 -6.5
2130 2.5 -6.5
2131 3.0 -6.5
2132 3.5 -6.5
2133 4.0 -6.5
2134 4.5 -6.5
2135 5.0 -6.5
2136 5.5 -6.5
2137 6.0 -6.5
2138 6.5 -6.5
2139 7.0 -6.5
2140 7.5 -6.5
2141 8.0 -6.5
2142 8.5 -6.5
2143 9.0 -6.5
2144 9.5 -6.5
2145 10.0 -6.5
2146 10.5 -6.5
2147 11.0 -6.5
2148 11.5 -6.5
2149 12.0 -6.5
2150 12.5 -6.5
2151 13.0 -6.5
2152 -0.5 -6.5
2153 -1.0 -6.5
2154 -1.5 -6.5
2155 -2.0 -6.5
2156 -2.5 -6.5
2157 -3.0 -6.5
2158 -3.5 -6.5
2159 -4.0 -6.5
2160 -4.5 -6.5
2161 -5.0 -6.5
2162 -5.5 -6.5
2163 -6.0 -6.5
2164 -6.5 -6.5
2165 -7.0 -6.5
2166 -7.5 -6.5
2167 -8.0 -6.5
2168 -8.5 -6.5
2169 -9.0 -6.5
2170 -9.5 -6.5
2171 -10.0 -6.5
2172 -10.5 -6.5
2173 -11.0 -6.5
2174 -11.5 -6.5
2175 -12.0 -6.5
2176 -12.5 -6.5
2177 -13.0 -6.5
2178 0 -7.0
2179 0.5 -7.0
2180 1.0 -7.0
2181 1.5 -7.0
2182 2.0 -7.0
2183 2.5 -7.0
2184 3.0 -7.0
2185 3.5 -7.0
2186 4.0 -7.0
2187 4.5 -7.0
2188 5.0 -7.0
2189 5.5 -7.0
2190 6.0 -7.0
2191 6.5 -7.0
2192 7.0 -7.0
2193 7.5 -7.0
2194 8.0 -7.0
2195 8.5 -7.0
2196 9.0 -7.0
2197 9.5 -7.0
2198 10.0 -7.0
2199 10.5 -7.0
2200 11.0 -7.0
2201 11.5 -7.0
2202 12.0 -7.0
2203 12.5 -7.0
2204 13.0 -7.0
2205 -0.5 -7.0
2206 -1.0 -7.0
2207 -1.5 -7.0
2208 -2.0 -7.0
2209 -2.5 -7.0
2210 -3.0 -7.0
2211 -3.5 -7.0
2212 -4.0 -7.0
2213 -4.5 -7.0
2214 -5.0 -7.0
2215 -5.5 -7.0
2216 -6.0 -7.0
2217 -6.5 -7.0
2218 -7.0 -7.0
2219 -7.5 -7.0
2220 -8.0 -7.0
2221 -8.5 -7.0
2222 -9.0 -7.0
2223 -9.5 -7.0
2224 -10.0 -7.0
2225 -10.5 -7.0
2226 -11.0 -7.0
2227 -11.5 -7.0
2228 -12.0 -7.0
2229 -12.5 -7.0
2230 -13.0 -7.0
2231 0 -7.5
2232 0.5 -7.5
2233 1.0 -7.5
2234 1.5 -7.5
2235 2.0 -7.5
2236 2.5 -7.5
2237 3.0 -7.5
2238 3.5 -7.5
2239 4.0 -7.5
2240 4.5 -7.5
2241 5.0 -7.5
2242 5.5 -7.5
2243 6.0 -7.5
2244 6.5 -7.5
2245 7.0 -7.5
2246 7.5 -7.5
2247 8.0 -7.5
2248 8.5 -7.5
2249 9.0 -7.5
2250 9.5 -7.5
2251 10.0 -7.5
2252 10.5 -7.5
2253 11.0 -7.5
2254 11.5 -7.5
2255 12.0 -7.5
2256 12.5 -7.5
2257 -0.5 -7.5
2258 -1.0 -7.5
2259 -1.5 -7.5
2260 -2.0 -7.5
2261 -2.5 -7.5
2262 -3.0 -7.5
2263 -3.5 -7.5
2264 -4.0 -7.5
2265 -4.5 -7.5
2266 -5.0 -7.5
2267 -5.5 -7.5
2268 -6.0 -7.5
2269 -6.5 -7.5
2270 -7.0 -7.5
2271 -7.5 -7.5
2272 -8.0 -7.5
2273 -8.5 -7.5
2274 -9.0 -7.5
2275 -9.5 -7.5
2276 -10.0 -7.5
2277 -10.5 -7.5
2278 -11.0 -7.5
2279 -11.5 -7.5
2280 -12.0 -7.5
2281 -12.5 -7.5
2282 0 -8.0
2283 0.5 -8.0
2284 1.0 -8.0
2285 1.5 -8.0
2286 2.0 -8.0
2287 2.5 -8.0
2288 3.0 -8.0
2289 3.5 -8.0
2290 4.0 -8.0
2291 4.5 -8.0
2292 5.0 -8.0
2293 5.5 -8.0
2294 6.0 -8.0
2295 6.5 -8.0
2296 7.0 -8.0
2297 7.5 -8.0
2298 8.0 -8.0
2299 8.5 -8.0
2300 9.0 -8.0
2301 9.5 -8.0
2302 10.0 -8.0
2303 10.5 -8.0
2304 11.0 -8.0
2305 11.5 -8.0
2306 12.0 -8.0
2307 12.5 -8.0
2308 -0.5 -8.0
2309 -1.0 -8.0
2310 -1.5 -8.0
2311 -2.0 -8.0
2312 -2.5 -8.0
2313 -3.0 -8.0
2314 -3.5 -8.0
2315 -4.0 -8.0
2316 -4.5 -8.0
2317 -5.0 -8.0
2318 -5.5 -8.0
2319 -6.0 -8.0
2320 -6.5 -8.0
2321 -7.0 -8.0
2322 -7.5 -8.0
2323 -8.0 -8.0
2324 -8.5 -8.0
2325 -9.0 -8.0
2326 -9.5 -8.0
2327 -10.0 -8.0
2328 -10.5 -8.0
2329 -11.0 -8.0
2330 -11.5 -8.0
2331 -12.0 -8.0
2332 -12.5 -8.0
2333 0 -8.5
2334 0.5 -8.5
2335 1.0 -8.5
2336 1.5 -8.5
2337 2.0 -8.5
2338 2.5 -8.5
2339 3.0 -8.5
2340 3.5 -8.5
2341 4.0 -8.5
2342 4.5 -8.5
2343 5.0 -8.5
2344 5.5 -8.5
2345 6.0 -8.5
2346 6.5 -8.5
2347 7.0 -8.5
2348 7.5 -8.5
2349 8.0 -8.5
2350 8.5 -8.5
2351 9.0 -8.5
2352 9.5 -8.5
2353 10.0 -8.5
2354 10.5 -8.5
2355 11.0 -8.5
2356 11.5 -8.5
2357 12.0 -8.5
2358 -0.5 -8.5
2359 -1.0 -8.5
2360 -1.5 -8.5
2361 -2.0 -8.5
2362 -2.5 -8.5
2363 -3.0 -8.5
2364 -3.5 -8.5
2365 -4.0 -8.5
2366 -4.5 -8.5
2367 -5.0 -8.5
2368 -5.5 -8.5
2369 -6.0 -8.5
2370 -6.5 -8.5
2371 -7.0 -8.5
2372 -7.5 -8.5
2373 -8.0 -8.5
2374 -8.5 -8.5
2375 -9.0 -8.5
2376 -9.5 -8.5
2377 -10.0 -8.5
2378 -10.5 -8.5
2379 -11.0 -8.5
2380 -11.5 -8.5
2381 -12.0 -8.5
2382 0 -9.0
2383 0.5 -9.0
2384 1.0 -9.0
2385 1.5 -9.0
2386 2.0 -9.0
2387 2.5 -9.0
2388 3.0 -9.0
2389 3.5 -9.0
2390 4.0 -9.0
2391 4.5 -9.0
2392 5.0 -9.0
2393 5.5 -9.0
2394 6.0 -9.0
2395 6.5 -9.0
2396 7.0 -9.0
2397 7.5 -9.0
2398 8.0 -9.0
2399 8.5 -9.0
2400 9.0 -9.0
2401 9.5 -9.0
2402 10.0 -9.0
2403 10.5 -9.0
2404 11.0 -9.0
2405 11.5 -9.0
2406 -0.5 -9.0
2407 -1.0 -9.0
2408 -1.5 -9.0
2409 -2.0 -9.0
2410 -2.5 -9.0
2411 -3.0 -9.0
2412 -3.5 -9.0
2413 -4.0 -9.0
2414 -4.5 -9.0
2415 -5.0 -9.0
2416 -5.5 -9.0
2417 -6.0 -9.0
2418 -6.5 -9.0
2419 -7.0 -9.0
2420 -7.5 -9.0
2421 -8.0 -9.0
2422 -8.5 -9.0
2423 -9.0 -9.0
2424 -9.5 -9.0
2425 -10.0 -9.0
2426 -10.5 -9.0
2427 -11.0 -9.0
2428 -11.5 -9.0
2429 0 -9.5
2430 0.5 -9.5
2431 1.0 -9.5
2432 1.5 -9.5
2433 2.0 -9.5
2434 2.5 -9.5
2435 3.0 -9.5
2436 3.5 -9.5
2437 4.0 -9.5
2438 4.5 -9.5
2439 5.0 -9.5
2440 5.5 -9.5
2441 6.0 -9.5
2442 6.5 -9.5
2443 7.0 -9.5
2444 7.5 -9.5
2445 8.0 -9.5
2446 8.5 -9.5
2447 9.0 -9.5
2448 9.5 -9.5
2449 10.0 -9.5
2450 10.5 -9.5
2451 11.0 -9.5
2452 11.5 -9.5
2453 -0.5 -9.5
2454 -1.0 -9.5
2455 -1.5 -9.5
2456 -2.0 -9.5
2457 -2.5 -9.5
2458 -3.0 -9.5
2459 -3.5 -9.5
2460 -4.0 -9.5
2461 -4.5 -9.5
2462 -5.0 -9.5
2463 -5.5 -9.5
2464 -6.0 -9.5
2465 -6.5 -9.5
2466 -7.0 -9.5
2467 -7.5 -9.5
2468 -8.0 -9.5
2469 -8.5 -9.5
2470 -9.0 -9.5
2471 -9.5 -9.5
2472 -10.0 -9.5
2473 -10.5 -9.5
2474 -11.0 -9.5
2475 -11.5 -9.5
2476 0 -10.0
2477 0.5 -10.0
2478 1.0 -10.0
2479 1.5 -10.0
2480 2.0 -10.0
2481 2.5 -10.0
2482 3.0 -10.0
2483 3.5 -10.0
2484 4.0 -10.0
2485 4.5 -10.0
2486 5.0 -10.0
2487 5.5 -10.0
2488 6.0 -10.0
2489 6.5 -10.0
2490 7.0 -10.0
2491 7.5 -10.0
2492 8.0 -10.0
2493 8.5 -10.0
2494 9.0 -10.0
2495 9.5 -10.0
2496 10.0 -10.0
2497 10.5 -10.0
2498 11.0 -10.0
2499 -0.5 -10.0
2500 -1.0 -10.0
2501 -1.5 -10.0
2502 -2.0 -10.0
2503 -2.5 -10.0
2504 -3.0 -10.0
2505 -3.5 -10.0
2506 -4.0 -10.0
2507 -4.5 -10.0
2508 -5.0 -10.0
2509 -5.5 -10.0
2510 -6.0 -10.0
2511 -6.5 -10.0
2512 -7.0 -10.0
2513 -7.5 -10.0
2514 -8.0 -10.0
2515 -8.5 -10.0
2516 -9.0 -10.0
2517 -9.5 -10.0
2518 -10.0 -10.0
2519 -10.5 -10.0
2520 -11.0 -10.0
2521 0 -10.5
2522 0.5 -10.5
2523 1.0 -10.5
2524 1.5 -10.5
2525 2.0 -10.5
2526 2.5 -10.5
2527 3.0 -10.5
2528 3.5 -10.5
2529 4.0 -10.5
2530 4.5 -10.5
2531 5.0 -10.5
2532 5.5 -10.5
2533 6.0 -10.5
2534 6.5 -10.5
2535 7.0 -10.5
2536 7.5 -10.5
2537 8.0 -10.5
2538 8.5 -10.5
2539 9.0 -10.5
2540 9.5 -10.5
2541 10.0 -10.5
2542 10.5 -10.5
2543 -0.5 -10.5
2544 -1.0 -10.5
2545 -1.5 -10.5
2546 -2.0 -10.5
2547 -2.5 -10.5
2548 -3.0 -10.5
2549 -3.5 -10.5
2550 -4.0 -10.5
2551 -4.5 -10.5
2552 -5.0 -10.5
2553 -5.5 -10.5
2554 -6.0 -10.5
2555 -6.5 -10.5
2556 -7.0 -10.5
2557 -7.5 -10.5
2558 -8.0 -10.5
2559 -8.5 -10.5
2560 -9.0 -10.5
2561 -9.5 -10.5
2562 -10.0 -10.5
2563 -10.5 -10.5
2564 0 -11.0
2565 0.5 -11.0
2566 1.0 -11.0
2567 1.5 -11.0
2568 2.0 -11.0
2569 2.5 -11.0
2570 3.0 -11.0
2571 3.5 -11.0
2572 4.0 -11.0
2573 4.5 -11.0
2574 5.0 -11.0
2575 5.5 -11.0
2576 6.0 -11.0
2577 6.5 -11.0
2578 7.0 -11.0
2579 7.5 -11.0
2580 8.0 -11.0
2581 8.5 -11.0
2582 9.0 -11.0
2583 9.5 -11.0
2584 10.0 -11.0
2585 -0.5 -11.0
2586 -1.0 -11.0
2587 -1.5 -11.0
2588 -2.0 -11.0
2589 -2.5 -11.0
2590 -3.0 -11.0
2591 -3.5 -11.0
2592 -4.0 -11.0
2593 -4.5 -11.0
2594 -5.0 -11.0
2595 -5.5 -11.0
2596 -6.0 -11.0
2597 -6.5 -11.0
2598 -7.0 -11.0
2599 -7.5 -11.0
2600 -8.0 -11.0
2601 -8.5 -11.0
2602 -9.0 -11.0
2603 -9.5 -11.0
2604 -10.0 -11.0
2605 0 -11.5
2606 0.5 -11.5
2607 1.0 -11.5
2608 1.5 -11.5
2609 2.0 -11.5
2610 2.5 -11.5
2611 3.0 -11.5
2612 3.5 -11.5
2613 4.0 -11.5
2614 4.5 -11.5
2615 5.0 -11.5
2616 5.5 -11.5
2617 6.0 -11.5
2618 6.5 -11.5
2619 7.0 -11.5
2620 7.5 -11.5
2621 8.0 -11.5
2622 8.5 -11.5
2623 9.0 -11.5
2624 9.5 -11.5
2625 -0.5 -11.5
2626 -1.0 -11.5
2627 -1.5 -11.5
2628 -2.0 -11.5
2629 -2.5 -11.5
2630 -3.0 -11.5
2631 -3.5 -11.5
2632 -4.0 -11.5
2633 -4.5 -11.5
2634 -5.0 -11.5
2635 -5.5 -11.5
2636 -6.0 -11.5
2637 -6.5 -11.5
2638 -7.0 -11.5
2639 -7.5 -11.5
2640 -8.0 -11.5
2641 -8.5 -11.5
2642 -9.0 -11.5
2643 -9.5 -11.5
2644 0 -12.0
2645 0.5 -12.0
2646 1.0 -12.0
2647 1.5 -12.0
2648 2.0 -12.0
2649 2.5 -12.0
2650 3.0 -12.0
2651 3.5 -12.0
2652 4.0 -12.0
2653 4.5 -12.0
2654 5.0 -12.0
2655 5.5 -12.0
2656 6.0 -12.0
2657 6.5 -12.0
2658 7.0 -12.0
2659 7.5 -12.0
2660 8.0 -12.0
2661 8.5 -12.0
2662 -0.5 -12.0
2663 -1.0 -12.0
2664 -1.5 -12.0
2665 -2.0 -12.0
2666 -2.5 -12.0
2667 -3.0 -12.0
2668 -3.5 -12.0
2669 -4.0 -12.0
2670 -4.5 -12.0
2671 -5.0 -12.0
2672 -5.5 -12.0
2673 -6.0 -12.0
2674 -6.5 -12.0
2675 -7.0 -12.0
2676 -7.5 -12.0
2677 -8.0 -12.0
2678 -8.5 -12.0
2679 0 -12.5
2680 0.5 -12.5
2681 1.0 -12.5
2682 1.5 -12.5
2683 2.0 -12.5
2684 2.5 -12.5
2685 3.0 -12.5
2686 3.5 -12.5
2687 4.0 -12.5
2688 4.5 -12.5
2689 5.0 -12.5
2690 5.5 -12.5
2691 6.0 -12.5
2692 6.5 -12.5
2693 7.0 -12.5
2694 7.5 -12.5
2695 8.0 -12.5
2696 -0.5 -12.5
2697 -1.0 -12.5
2698 -1.5 -12.5
2699 -2.0 -12.5
2700 -2.5 -12.5
2701 -3.0 -12.5
2702 -3.5 -12.5
2703 -4.0 -12.5
2704 -4.5 -12.5
2705 -5.0 -12.5
2706 -5.5 -12.5
2707 -6.0 -12.5
2708 -6.5 -12.5
2709 -7.0 -12.5
2710 -7.5 -12.5
2711 -8.0 -12.5
2712 0 -13.0
2713 0.5 -13.0
2714 1.0 -13.0
2715 1.5 -13.0
2716 2.0 -13.0
2717 2.5 -13.0
2718 3.0 -13.0
2719 3.5 -13.0
2720 4.0 -13.0
2721 4.5 -13.0
2722 5.0 -13.0
2723 5.5 -13.0
2724 6.0 -13.0
2725 6.5 -13.0
2726 7.0 -13.0
2727 -0.5 -13.0
2728 -1.0 -13.0
2729 -1.5 -13.0
2730 -2.0 -13.0
2731 -2.5 -13.0
2732 -3.0 -13.0
2733 -3.5 -13.0
2734 -4.0 -13.0
2735 -4.5 -13.0
2736 -5.0 -13.0
2737 -5.5 -13.0
2738 -6.0 -13.0
2739 -6.5 -13.0
2740 -7.0 -13.0
2741 0 -13.5
2742 0.5 -13.5
2743 1.0 -13.5
2744 1.5 -13.5
2745 2.0 -13.5
2746 2.5 -13.5
2747 3.0 -13.5
2748 3.5 -13.5
2749 4.0 -13.5
2750 4.5 -13.5
2751 5.0 -13.5
2752 5.5 -13.5
2753 6.0 -13.5
2754 -0.5 -13.5
2755 -1.0 -13.5
2756 -1.5 -13.5
2757 -2.0 -13.5
2758 -2.5 -13.5
2759 -3.0 -13.5
2760 -3.5 -13.5
2761 -4.0 -13.5
2762 -4.5 -13.5
2763 -5.0 -13.5
2764 -5.5 -13.5
2765 -6.0 -13.5
2766 0 -14.0
2767 0.5 -14.0
2768 1.0 -14.0
2769 1.5 -14.0
2770 2.0 -14.0
2771 2.5 -14.0
2772 3.0 -14.0
2773 3.5 -14.0
2774 4.0 -14.0
2775 4.5 -14.0
2776 5.0 -14.0
2777 -0.5 -14.0
2778 -1.0 -14.0
2779 -1.5 -14.0
2780 -2.0 -14.0
2781 -2.5 -14.0
2782 -3.0 -14.0
2783 -3.5 -14.0
2784 -4.0 -14.0
2785 -4.5 -14.0
2786 -5.0 -14.0
2787 0 -14.5
2788 0.5 -14.5
2789 1.0 -14.5
2790 1.5 -14.5
2791 2.0 -14.5
2792 2.5 -14.5
2793 3.0 -14.5
2794 3.5 -14.5
2795 -0.5 -14.5
2796 -1.0 -14.5
2797 -1.5 -14.5
2798 -2.0 -14.5
2799 -2.5 -14.5
2800 -3.0 -14.5
2801 -3.5 -14.5
