48190.8
41621.9
52754.6
51816
27406.5
32295.2
44725.1
41839.7
36729
31033.1
31450
26234.4
30344.7
36638
30909.2
28894.2
32624.4
27824.9
32222.7
31070.9
29214.6
28998.4
33723.3
27801.8
38022.7
26660.2
26121.5
24268.2
30905.6
30011.1
26456.6
44996.7
4174.08
3833.56
10965.5
6179.46
11982.2
31606.3
6620.89
4518.75
31659.3
3703.77
3721.07
40698.3
5591.99
41449
43665.3
4774.77
7300.28
4297.65
7168.95
6746.28
6396.71
9169.04
7775.1
7201.78
4811.8
3676.19
3992.66
6362.55
46095.2
2965.46
5092.07
38103.6
